   2.4040968990130289       -1.9577663573164098E-002
   2.4090640413663613       -1.9193691256569678E-002
   2.4140311837196942       -1.8800373051254433E-002
   2.4189983260730270       -1.8397567913880145E-002
   2.4239654684263594       -1.7985141847713118E-002
   2.4289326107796922       -1.7562957791622692E-002
   2.4338997531330251       -1.7130886549730870E-002
   2.4388668954863575       -1.6688798104029311E-002
   2.4438340378396903       -1.6236566042571926E-002
   2.4488011801930232       -1.5774072199633640E-002
   2.4537683225463556       -1.5301197876372756E-002
   2.4587354648996884       -1.4817835334009918E-002
   2.4637026072530213       -1.4323877649613187E-002
   2.4686697496063537       -1.3819230504376679E-002
   2.4736368919596865       -1.3303802009319148E-002
   2.4786040343130193       -1.2777514802096841E-002
   2.4835711766663522       -1.2240295876702599E-002
   2.4885383190196846       -1.1692089015198810E-002
   2.4935054613730174       -1.1132846085286025E-002
   2.4984726037263503       -1.0562532595160514E-002
   2.5034397460796827       -9.9811335708822491E-003
   2.5084068884330155       -9.3886448962852594E-003
   2.5133740307863484       -8.7850867844041607E-003
   2.5183411731396808       -8.1704937690227509E-003
   2.5233083154930136       -7.5449286773491154E-003
   2.5282754578463464       -6.9084727505938359E-003
   2.5332426001996788       -6.2612401632924294E-003
   2.5382097425530117       -5.6033683305870058E-003
   2.5431768849063445       -4.9350330396737098E-003
   2.5481440272596769       -4.2564405853950946E-003
   2.5531111696130098       -3.5678356387796170E-003
   2.5580783119663426       -2.8695096386431628E-003
   2.5630454543196755       -2.1617933676472151E-003
   2.5680125966730079       -1.4450740166083772E-003
   2.5729797390263407       -7.1978660338894518E-004
   2.5779468813796735        1.3568008411083771E-005
   2.5829140237330059        7.5443117697159869E-004
   2.5878811660863388        1.5021673944583512E-003
   2.5928483084396716        2.2560717291556197E-003
   2.5978154507930040        3.0153495212955172E-003
   2.6027825931463369        3.7791213072149491E-003
   2.6077497354996697        4.5464100067897995E-003
   2.6127168778530021        5.3161271996164184E-003
   2.6176840202063349        6.0870766752411098E-003
   2.6226511625596678        6.8579303936455553E-003
   2.6276183049130002        7.6272326564245903E-003
   2.6325854472663330        8.3933742390573558E-003
   2.6375525896196659        9.1545952667895780E-003
   2.6425197319729987        9.9089573460295205E-003
   2.6474868743263311        1.0654344984246536E-002
   2.6524540166796640        1.1388435520317316E-002
   2.6574211590329968        1.2108696966236234E-002
   2.6623883013863292        1.2812365584732968E-002
   2.6673554437396620        1.3496422021216242E-002
   2.6723225860929949        1.4157586694904783E-002
   2.6772897284463273        1.4792283751502442E-002
   2.6822568707996601        1.5396636817107581E-002
   2.6872240131529930        1.5966430709148115E-002
   2.6921911555063254        1.6497105931625084E-002
   2.6971582978596582        1.6983718580043224E-002
   2.7021254402129911        1.7420932079559415E-002
   2.7070925825663235        1.7802987421000983E-002
   2.7120597249196563        1.8123673237734873E-002
   2.7170268672729891        1.8376319640552665E-002
   2.7219940096263220        1.8553759523772962E-002
   2.7269611519796544        1.8648329443109433E-002
   2.7319282943329872        1.8651836894346838E-002
   2.7368954366863201        1.8555571025074387E-002
   2.7418625790396525        1.8350282133297219E-002
   2.7468297213929853        1.8026210249305216E-002
   2.7517968637463182        1.7573086901921154E-002
   2.7567640060996506        1.6980191653520486E-002
   2.7617311484529834        1.6236405349358524E-002
   2.7666982908063162        1.5330290715607492E-002
   2.7716654331596486        1.4250235890106202E-002
   2.7766325755129815        1.2984602834464015E-002
   2.7815997178663143        1.1521977398419628E-002
   2.7865668602196467        9.8514472048088497E-003
   2.7915340025729796        7.9630166280144129E-003
   2.7965011449263124        5.8480897870800659E-003
   2.8014682872796453        3.5001444722552633E-003
   2.8064354296329777        9.1553656939090107E-004
   2.8114025719863105       -1.9054265533371337E-003
   2.8163697143396433       -4.9571669600336193E-003
   2.8213368566929757       -8.2271765163912675E-003
   2.8263039990463086       -1.1693902719843222E-002
   2.8312711413996414       -1.5324170718353567E-002
   2.8362382837529738       -1.9069925332884322E-002
   2.8412054261063067       -2.2864280062514050E-002
   2.8461725684596395       -2.6616622084894046E-002
   2.8511397108129719       -3.0206755026468107E-002
   2.8561068531663047       -3.3477843953516960E-002
   2.8610739955196376       -3.6228238632829715E-002
   2.8660411378729700       -3.8202147987924304E-002
   2.8710082802263028       -3.9079656558245982E-002
   2.8759754225796357       -3.8466991076352965E-002
   2.8809425649329685       -3.5888962124733116E-002
   2.8859097072863009       -3.0787554495457767E-002
   2.8908768496396338       -2.2533797201288109E-002
   2.8958439919929666       -1.0466625804241314E-002
   2.9008111343462990        6.0162438414531920E-003
   2.9057782766996318        2.7267970820523766E-002
   2.9107454190529647        5.3012076957184087E-002
   2.9157125614062971        8.1588949249289153E-002
   2.9206797037596299       0.10843138710087302     
   2.9256468461129628       0.12275678179270130     
   2.9306139884662952        9.9044661678260648E-002
   2.9355811308196280       -3.6331012757593838E-002
   2.9405482731729609      -0.82865658729214042     
   2.9455154155262933       0.72741878576952346     
   2.9504825578796261      -0.16302029424696829     
   2.9554497002329589        1.8978936709211798E-003
