   3.0696939743596112       -7.1942341180614947E-002
   3.0746611167129436       0.52078040477847021     
   3.0796282590662765       -1.1096726518638480     
   3.0845954014196093       0.58660011873471452     
   3.0895625437729417       0.24159175781675868     
   3.0945296861262745        6.7837750667327792E-002
   3.0994968284796074       -2.4282103237069381E-002
   3.1044639708329398       -6.7049902522734531E-002
   3.1094311131862726       -8.0239744598352911E-002
   3.1143982555396055       -7.6661133283566052E-002
   3.1193653978929383       -6.4475985981312184E-002
   3.1243325402462707       -4.8728856741254684E-002
   3.1292996825996036       -3.2413453094198151E-002
   3.1342668249529364       -1.7202763456973906E-002
   3.1392339673062688       -3.9379404539308582E-003
   3.1442011096596016        7.0502288699084486E-003
   3.1491682520129345        1.5732913544953285E-002
   3.1541353943662669        2.2250300493123310E-002
   3.1591025367195997        2.6828020912785269E-002
   3.1640696790729326        2.9725938939830870E-002
   3.1690368214262650        3.1207591852138852E-002
   3.1740039637795978        3.1523011870829377E-002
   3.1789711061329307        3.0899772639959706E-002
   3.1839382484862631        2.9539292605345834E-002
   3.1889053908395959        2.7616156403389464E-002
   3.1938725331929287        2.5279211342013282E-002
   3.1988396755462611        2.2653661253309806E-002
   3.2038068178995940        1.9843488039799295E-002
   3.2087739602529268        1.6934072697114409E-002
   3.2137411026062597        1.3994646654899853E-002
   3.2187082449595921        1.1080655009684467E-002
   3.2236753873129249        8.2358093104624996E-003
   3.2286425296662578        5.4939855088086634E-003
   3.2336096720195902        2.8808051578172599E-003
   3.2385768143729230        4.1507601489765961E-004
   3.2435439567262558       -1.8900502259275903E-003
   3.2485110990795882       -4.0260006236749694E-003
   3.2534782414329211       -5.9879761131684745E-003
   3.2584453837862539       -7.7741869153646363E-003
   3.2634125261395863       -9.3852598854534675E-003
   3.2683796684929192       -1.0823695968717944E-002
   3.2733468108462520       -1.2093496885585326E-002
   3.2783139531995844       -1.3199780842384674E-002
   3.2832810955529173       -1.4148509502897380E-002
   3.2882482379062501       -1.4946219915720663E-002
   3.2932153802595829       -1.5599876897206844E-002
   3.2981825226129153       -1.6116691864971312E-002
   3.3031496649662482       -1.6503974629966150E-002
   3.3081168073195810       -1.6769075462110268E-002
   3.3130839496729134       -1.6919275323648598E-002
   3.3180510920262463       -1.6961736886174434E-002
   3.3230182343795791       -1.6903428989232722E-002
   3.3279853767329115       -1.6751130631713771E-002
   3.3329525190862443       -1.6511376903771989E-002
   3.3379196614395772       -1.6190453250644617E-002
   3.3428868037929096       -1.5794357850018682E-002
   3.3478539461462424       -1.5328832654839957E-002
   3.3528210884995753       -1.4799341076791827E-002
   3.3577882308529077       -1.4211050824013740E-002
   3.3627553732062405       -1.3568873482804358E-002
   3.3677225155595734       -1.2877445521878247E-002
   3.3726896579129062       -1.2141146964724453E-002
   3.3776568002662386       -1.1364086722416247E-002
   3.3826239426195714       -1.0550145847767674E-002
   3.3875910849729043       -9.7029641541223413E-003
   3.3925582273262367       -8.8259612660401589E-003
   3.3975253696795695       -7.9223252089546739E-003
   3.4024925120329024       -6.9950550306514293E-003
   3.4074596543862348       -6.0469544101718559E-003
   3.4124267967395676       -5.0806263505428434E-003
   3.4173939390929005       -4.0985141583749158E-003
   3.4223610814462329       -3.1028900872081891E-003
   3.4273282237995657       -2.0958746853496114E-003
   3.4322953661528985       -1.0794259822190259E-003
   3.4372625085062309       -5.5377632558607506E-005
   3.4422296508595638        9.7457272030642762E-004
   3.4471967932128966        2.0088460182878104E-003
   3.4521639355662295        3.0459931227777644E-003
   3.4571310779195619        4.0846595229695496E-003
   3.4620982202728947        5.1235930001555076E-003
   3.4670653626262276        6.1616506520613271E-003
   3.4720325049795600        7.1977656335918405E-003
   3.4769996473328928        8.2309597118941352E-003
   3.4819667896862256        9.2603290003793384E-003
   3.4869339320395580        1.0285056234286495E-002
   3.4919010743928909        1.1304379941608989E-002
   3.4968682167462237        1.2317607384791297E-002
   3.5018353590995561        1.3324101830497502E-002
   3.5068025014528890        1.4323295167135349E-002
   3.5117696438062218        1.5314659227760064E-002
   3.5167367861595542        1.6297714953483141E-002
   3.5217039285128870        1.7272040989022842E-002
   3.5266710708662199        1.8237246441421148E-002
   3.5316382132195527        1.9192984115393611E-002
   3.5366053555728851        2.0138939916917904E-002
   3.5415724979262180        2.1074845734130963E-002
   3.5465396402795508        2.2000453842028762E-002
